,x1,y1,x2,y2,score,classID,cntmask
0,403,1495,1057,1740,0.9990362,1,80192
1,447,743,1068,1033,0.99880445,1,98388
2,540,930,1068,1236,0.99859697,1,109522
3,389,155,922,453,0.9966473,1,72422
4,705,357,1080,803,0.9960097,1,115227
5,516,1215,1059,1601,0.9955106,1,60435
6,335,348,608,528,0.99284315,1,27137
7,302,678,807,853,0.9914996,1,37205
8,289,1223,645,1383,0.9879429,1,28407
9,372,1024,753,1243,0.9848483,1,26744
10,239,1353,440,1501,0.983285,1,13757
11,826,180,1078,450,0.98130107,1,47658
12,299,834,450,922,0.9706833,1,8081
13,356,6,1054,126,0.96913797,1,34246
14,307,320,496,417,0.96091497,1,9407
15,323,61,906,252,0.960388,1,51406
16,820,1665,1018,1757,0.95776385,27,9811
17,163,1527,442,1665,0.95371294,1,18940
18,369,497,706,660,0.9527636,1,25634
19,278,973,435,1093,0.9524205,1,10408
20,346,1447,677,1578,0.9506821,1,20719
21,245,1454,338,1521,0.93543124,1,3680
22,429,762,725,936,0.93087995,1,15408
23,333,877,462,974,0.9223072,1,5895
24,645,99,765,165,0.92196053,42,5876
25,142,1847,370,1918,0.917636,1,9463
26,419,1339,538,1443,0.9156959,1,6358
27,278,676,363,739,0.9019124,1,2927
28,229,920,343,1000,0.89272964,1,5656
29,189,1200,394,1340,0.8859671,1,11497
30,233,1154,541,1288,0.8775367,1,17135
31,397,963,488,1045,0.86950296,1,3492
32,593,325,885,530,0.7931161,1,23161
33,190,1327,272,1382,0.79108685,1,2436
34,426,1334,687,1498,0.7792257,1,10459
35,233,1852,876,1917,0.757554,1,16029
36,264,1517,357,1557,0.7502892,1,2372
37,243,1631,450,1703,0.7077576,1,6533
