,obj_num,box_area,mask_area,avg_score,avg_x1,avg_y1,avg_x2,avg_y2,avg_width,avg_height,prob
0,1.0,0.9146003401360544,0.8740599017384731,0.9824896000000001,0.0,17.0,1062.0,1840.0,1062.0,1823.0,0.8793103447999999
1,2.0,0.08167517006802721,0.056095993953136816,0.77738905,446.0,582.0,889.5,777.0,443.5,195.0,0.8275862069
2,0.0,0.0,0.0,0.0,540.0,980.0,540.0,980.0,0.0,0.0,0.72413793105
3,4.0,0.10821381330309901,0.07408068783068783,0.84662235,324.0,804.25,558.0,1036.5,234.0,232.25,0.6206896552000001
4,3.0,0.021977513227513228,0.01567507558578987,0.8601859233333333,141.33333333333334,1024.3333333333333,238.33333333333334,1159.6666666666667,97.0,135.33333333333334,0.6034482758499999
5,0.0,0.0,0.0,0.0,540.0,980.0,540.0,980.0,0.0,0.0,0.36206896555
6,1.0,0.7921768707482993,0.6626842403628118,0.7400953,0.0,113.0,1020.0,1757.0,1020.0,1644.0,0.46551724134999994
7,2.0,0.008362150415721845,0.005723261526832955,0.75523027,1005.0,1387.5,1079.5,1487.0,74.5,99.5,0.7586206896500001
8,1.0,0.33633267195767197,0.18063019652305368,0.99756265,42.0,665.0,1049.0,1372.0,1007.0,707.0,0.275862069
9,0.0,0.0,0.0,0.0,540.0,980.0,540.0,980.0,0.0,0.0,0.1724137931
10,1.0,0.38477607709750566,0.28313775510204087,0.84062964,111.0,526.0,1010.0,1432.0,899.0,906.0,0.5862068966
11,2.0,0.14752314814814815,0.08110496976568406,0.99927235,476.5,797.0,997.0,1097.0,520.5,300.0,0.7931034482999999
12,13.0,0.8010747354497355,0.5046164021164021,0.9060938161538462,317.3076923076923,484.6923076923077,689.6923076923077,705.8461538461538,372.38461538461536,221.15384615384616,0.6206896552000001
13,15.0,1.0159287603930462,0.4648422146636433,0.9033962993333334,200.13333333333333,826.6666666666666,673.8,1048.4666666666667,473.6666666666667,221.8,0.1896551724
14,1.0,0.0023280423280423283,0.0016284013605442178,0.85624355,943.0,829.0,987.0,941.0,44.0,112.0,0.25862068964999996
15,0.0,0.0,0.0,0.0,540.0,980.0,540.0,980.0,0.0,0.0,0.7586206896500001
16,2.0,0.580952380952381,0.28173185941043083,0.914766835,184.0,315.5,674.0,1268.0,490.0,952.5,0.63793103445
17,3.0,0.047395124716553286,0.026292044595616022,0.8459291999999999,566.3333333333334,871.0,784.3333333333334,1048.6666666666667,218.0,177.66666666666666,0.4482758621
18,2.0,0.059208238851095996,0.02777541572184429,0.9145557,467.0,887.0,814.5,1066.5,347.5,179.5,0.1551724138
19,3.0,1.031106386999244,0.5703169879062736,0.9569143999999999,299.6666666666667,715.3333333333334,909.6666666666666,1566.3333333333333,610.0,851.0,0.7931034482999999
20,57.0,0.24640542328042334,0.1325222033257748,0.9133197728070175,604.9824561403509,752.6140350877193,745.7368421052631,815.6491228070175,140.75438596491227,63.03508771929825,0.55172413795
