,Unnamed: 0,obj_num,box_area,mask_area,avg_score,avg_x1,avg_y1,avg_x2,avg_y2,avg_width,avg_height,prob
0,0,1.0,0.9146003401360544,0.8740599017384731,0.9824896,0.0,17.0,1062.0,1840.0,1062.0,1823.0,0.8793103447999999
1,1,2.0,0.08167517006802721,0.056095993953136816,0.77738905,446.0,582.0,889.5,777.0,443.5,195.0,0.8275862069
2,2,0.0,0.0,0.0,0.0,540.0,980.0,540.0,980.0,0.0,0.0,0.72413793105
3,3,4.0,0.108213813303099,0.07408068783068783,0.84662235,324.0,804.25,558.0,1036.5,234.0,232.25,0.6206896552000001
4,4,3.0,0.021977513227513228,0.015675075585789868,0.8601859233333333,141.33333333333334,1024.3333333333333,238.33333333333331,1159.6666666666667,97.0,135.33333333333334,0.6034482758499999
5,5,0.0,0.0,0.0,0.0,540.0,980.0,540.0,980.0,0.0,0.0,0.36206896555
6,6,1.0,0.7921768707482993,0.6626842403628118,0.7400953,0.0,113.0,1020.0,1757.0,1020.0,1644.0,0.46551724135
7,7,2.0,0.008362150415721845,0.005723261526832954,0.75523027,1005.0,1387.5,1079.5,1487.0,74.5,99.5,0.7586206896500001
8,8,1.0,0.336332671957672,0.18063019652305368,0.99756265,42.0,665.0,1049.0,1372.0,1007.0,707.0,0.275862069
9,9,0.0,0.0,0.0,0.0,540.0,980.0,540.0,980.0,0.0,0.0,0.1724137931
10,10,1.0,0.3847760770975057,0.2831377551020409,0.84062964,111.0,526.0,1010.0,1432.0,899.0,906.0,0.5862068965999999
11,11,2.0,0.14752314814814815,0.08110496976568406,0.99927235,476.5,797.0,997.0,1097.0,520.5,300.0,0.7931034482999999
12,12,13.0,0.8010747354497355,0.5046164021164021,0.9060938161538462,317.3076923076923,484.6923076923077,689.6923076923077,705.8461538461537,372.3846153846154,221.15384615384616,0.6206896552000001
13,13,15.0,1.0159287603930462,0.4648422146636433,0.9033962993333334,200.13333333333333,826.6666666666665,673.8,1048.4666666666667,473.66666666666674,221.8,0.1896551724
14,14,1.0,0.0023280423280423283,0.0016284013605442178,0.85624355,943.0,829.0,987.0,941.0,44.0,112.0,0.25862068965
15,15,0.0,0.0,0.0,0.0,540.0,980.0,540.0,980.0,0.0,0.0,0.7586206896500001
16,16,2.0,0.580952380952381,0.28173185941043083,0.914766835,184.0,315.5,674.0,1268.0,490.0,952.5,0.63793103445
17,17,3.0,0.047395124716553286,0.026292044595616026,0.8459291999999999,566.3333333333334,871.0,784.3333333333335,1048.6666666666667,218.0,177.66666666666663,0.44827586210000003
18,18,2.0,0.059208238851096,0.02777541572184429,0.9145556999999999,467.0,887.0,814.5,1066.5,347.5,179.5,0.15517241380000002
19,19,3.0,1.0311063869992438,0.5703169879062736,0.9569144,299.6666666666667,715.3333333333335,909.6666666666665,1566.333333333333,610.0,851.0,0.7931034482999999
20,20,57.0,0.2464054232804233,0.1325222033257748,0.9133197728070176,604.9824561403509,752.6140350877192,745.736842105263,815.6491228070175,140.75438596491227,63.03508771929825,0.55172413795
21,0,2.0,0.7824149659863946,0.5781854686318972,0.87501371,95.0,453.5,808.5,1395.5,713.5,942.0,0.9464285714499999
22,1,4.0,0.57567649281935,0.4149281934996221,0.8660113625,286.25,788.25,829.75,1302.5,543.5,514.25,0.7678571429000001
23,2,2.0,0.3777187263794407,0.2294222411186697,0.992280425,468.5,509.0,1012.0,1057.5,543.5,548.5,0.6607142857
24,3,2.0,0.529724111866969,0.3097893046107332,0.979339,469.5,93.0,1071.5,703.0,602.0,610.0,0.57142857145
25,4,2.0,0.5177739984882841,0.2980347694633409,0.914304555,477.5,99.0,1068.5,701.0,591.0,602.0,0.2857142857
26,5,2.0,0.5046617535903251,0.2449541761148904,0.8333368800000001,92.5,658.0,812.5,1279.0,720.0,621.0,1.0
27,6,2.0,0.3885539493575208,0.2705815381708239,0.851029815,479.5,1112.5,1072.5,1576.0,593.0,463.5,0.8571428570999999
28,7,3.0,0.6223374905517763,0.4031089380196523,0.9458853366666666,395.0,392.0,995.3333333333335,996.0,600.3333333333334,604.0,0.875
29,8,3.0,1.6056273620559334,0.888609693877551,0.9363687333333334,313.0,32.333333333333336,1048.0,1460.666666666667,735.0,1428.333333333333,0.9107142856999999
30,9,2.0,0.3900349584278156,0.231786186696901,0.9856329,464.5,503.5,1013.0,1064.0,548.5,560.5,0.75
31,10,3.0,0.7345644368858655,0.3834334845049131,0.8582473,138.0,514.0,866.0,1166.6666666666667,728.0,652.6666666666666,1.0
32,11,1.0,0.5868055555555556,0.4663969198790627,0.9991208,6.0,422.0,1056.0,1605.0,1050.0,1183.0,0.8928571429000001
33,12,2.0,0.3880763416477702,0.2326658163265306,0.9914960999999999,469.0,505.5,1013.0,1058.5,544.0,553.0,0.7142857143000001
34,13,3.0,0.5357246787603931,0.30694916855631144,0.9350141366666668,382.66666666666674,159.33333333333334,842.6666666666665,593.6666666666666,460.0,434.33333333333326,0.7678571428500001
35,14,38.0,1.029898904006047,0.4979794973544974,0.923299514210526,371.3684210526316,955.4736842105265,674.2894736842105,1111.842105263158,302.92105263157896,156.3684210526316,0.8214285714499999
36,15,2.0,0.4716241496598639,0.2545488473167045,0.92194217,94.0,693.0,811.0,1294.0,717.0,601.0,1.0
37,16,3.0,0.6205801209372638,0.402072940287226,0.9094238433333331,394.66666666666674,388.66666666666674,988.0,993.3333333333335,593.3333333333334,604.6666666666666,0.8392857143000001
38,17,5.0,0.7210794595616025,0.4760917422524565,0.9275655279999999,642.0,345.8,1031.4,796.6,389.4,450.8,0.8928571428500001
39,18,2.0,0.5307794784580498,0.30638463718820863,0.97727115,475.0,92.5,1069.5,706.0,594.5,613.5,0.5178571428500001
40,19,2.0,0.4781472033257748,0.2937646447467876,0.91106352,149.0,500.0,808.5,1170.5,659.5,670.5,0.9464285714499999
41,20,4.0,0.8762547241118671,0.4910827664399093,0.9484638725,516.0,770.5,942.5,1674.0,426.5,903.5,0.7321428571499999
42,21,2.0,0.6782161753590326,0.33612811791383224,0.85965645,41.5,54.0,1011.0,797.0,969.5,743.0,0.6428571428500001
43,22,3.0,0.5640098261526832,0.31372071050642475,0.9145758666666668,389.33333333333326,139.0,845.0,581.0,455.66666666666674,442.0,0.39285714284999995
44,23,3.0,0.6406783824640967,0.4073894557823129,0.90861683,384.0,392.66666666666674,996.6666666666665,998.0,612.6666666666666,605.3333333333334,0.57142857145
