,obj_num,box_area,mask_area,avg_score,avg_x1,avg_y1,avg_x2,avg_y2,avg_width,avg_height,prob
0,2.0,0.7824149659863946,0.5781854686318972,0.87501371,95.0,453.5,808.5,1395.5,713.5,942.0,0.94642857145
1,4.0,0.57567649281935,0.41492819349962207,0.8660113625,286.25,788.25,829.75,1302.5,543.5,514.25,0.7678571429
2,2.0,0.3777187263794407,0.22942224111866968,0.992280425,468.5,509.0,1012.0,1057.5,543.5,548.5,0.6607142857
3,2.0,0.529724111866969,0.3097893046107332,0.979339,469.5,93.0,1071.5,703.0,602.0,610.0,0.57142857145
4,2.0,0.5177739984882841,0.2980347694633409,0.914304555,477.5,99.0,1068.5,701.0,591.0,602.0,0.2857142857
5,2.0,0.5046617535903251,0.2449541761148904,0.8333368800000001,92.5,658.0,812.5,1279.0,720.0,621.0,1.0
6,2.0,0.38855394935752074,0.2705815381708239,0.851029815,479.5,1112.5,1072.5,1576.0,593.0,463.5,0.8571428571
7,3.0,0.6223374905517763,0.4031089380196523,0.9458853366666666,395.0,392.0,995.3333333333334,996.0,600.3333333333334,604.0,0.875
8,3.0,1.6056273620559334,0.888609693877551,0.9363687333333334,313.0,32.333333333333336,1048.0,1460.6666666666667,735.0,1428.3333333333333,0.9107142857
9,2.0,0.39003495842781555,0.231786186696901,0.9856328999999999,464.5,503.5,1013.0,1064.0,548.5,560.5,0.75
10,3.0,0.7345644368858655,0.3834334845049131,0.8582473,138.0,514.0,866.0,1166.6666666666667,728.0,652.6666666666666,1.0
11,1.0,0.5868055555555556,0.46639691987906273,0.9991208,6.0,422.0,1056.0,1605.0,1050.0,1183.0,0.8928571429
12,2.0,0.3880763416477702,0.2326658163265306,0.9914961,469.0,505.5,1013.0,1058.5,544.0,553.0,0.7142857143
13,3.0,0.5357246787603931,0.30694916855631144,0.9350141366666667,382.6666666666667,159.33333333333334,842.6666666666666,593.6666666666666,460.0,434.3333333333333,0.7678571428500001
14,38.0,1.0298989040060467,0.49797949735449737,0.9232995142105261,371.36842105263156,955.4736842105264,674.2894736842105,1111.842105263158,302.92105263157896,156.3684210526316,0.82142857145
15,2.0,0.47162414965986393,0.25454884731670446,0.92194217,94.0,693.0,811.0,1294.0,717.0,601.0,1.0
16,3.0,0.6205801209372638,0.40207294028722596,0.9094238433333333,394.6666666666667,388.6666666666667,988.0,993.3333333333334,593.3333333333334,604.6666666666666,0.8392857143
17,5.0,0.7210794595616025,0.4760917422524565,0.927565528,642.0,345.8,1031.4,796.6,389.4,450.8,0.8928571428500001
18,2.0,0.5307794784580498,0.30638463718820863,0.97727115,475.0,92.5,1069.5,706.0,594.5,613.5,0.5178571428500001
19,2.0,0.47814720332577476,0.2937646447467876,0.9110635200000001,149.0,500.0,808.5,1170.5,659.5,670.5,0.94642857145
20,4.0,0.8762547241118671,0.49108276643990934,0.9484638725000001,516.0,770.5,942.5,1674.0,426.5,903.5,0.7321428571499999
21,2.0,0.6782161753590326,0.33612811791383224,0.85965645,41.5,54.0,1011.0,797.0,969.5,743.0,0.6428571428500001
22,3.0,0.5640098261526832,0.31372071050642475,0.9145758666666667,389.3333333333333,139.0,845.0,581.0,455.6666666666667,442.0,0.39285714285
23,3.0,0.6406783824640967,0.4073894557823129,0.90861683,384.0,392.6666666666667,996.6666666666666,998.0,612.6666666666666,605.3333333333334,0.57142857145
