,x1,y1,x2,y2,score,classID,cntmask
0,577,681,783,747,0.9988426,1,9033
1,570,235,793,330,0.99749666,1,10866
2,502,971,681,1040,0.99679273,1,7505
3,598,389,790,468,0.99642915,1,9335
4,931,560,1076,640,0.9956884,1,7273
5,581,532,779,607,0.9955481,1,6844
6,952,413,1079,499,0.99237764,1,6262
7,1005,904,1079,983,0.99193716,1,3370
8,997,627,1077,695,0.98893774,1,3909
9,593,37,777,96,0.98739517,1,6210
10,504,861,724,933,0.98677105,1,7747
11,929,1666,1079,1739,0.98665893,1,7342
12,548,133,745,195,0.98522353,1,6161
13,490,634,722,694,0.98325634,1,7674
14,566,91,788,160,0.9820602,1,8079
15,1009,985,1078,1060,0.9818986,1,3176
16,876,1767,1071,1853,0.98184276,1,10792
17,493,752,699,819,0.9807624,1,8736
18,943,1595,1060,1671,0.98020315,1,5451
19,486,1107,657,1189,0.9786174,1,5864
20,1022,793,1078,845,0.97774917,1,1875
21,513,921,663,975,0.9765419,1,5173
22,934,1169,1057,1241,0.97583675,1,4239
23,1008,366,1074,419,0.9651415,1,2157
24,417,1257,554,1343,0.96127206,1,6771
25,952,168,1074,252,0.95949507,1,6505
26,901,1710,1056,1771,0.9592371,1,4961
27,474,578,662,636,0.9519665,1,5253
28,496,1067,665,1127,0.95070994,1,5407
29,504,211,673,278,0.9490432,1,5597
30,505,822,678,863,0.93664527,1,4422
31,470,370,649,430,0.9357916,1,5000
32,459,1383,595,1457,0.9317092,1,5890
33,500,297,711,367,0.9285764,1,4946
34,532,186,715,245,0.91832525,1,5934
35,1036,241,1079,298,0.9157285,1,1551
36,518,407,650,473,0.91549546,1,4144
37,464,462,602,503,0.9111407,1,3189
38,458,1188,560,1265,0.907383,1,4146
39,505,508,705,578,0.9025792,1,5552
40,393,1337,485,1378,0.8962028,1,2015
41,313,1467,437,1511,0.8642991,1,3849
42,316,1284,412,1322,0.8557462,1,1965
43,412,89,527,159,0.8522311,1,3089
44,483,342,751,404,0.85168177,1,7737
45,388,1377,491,1430,0.83251256,1,3003
46,347,383,399,416,0.8139796,1,1043
47,458,1018,548,1054,0.8043278,1,1954
48,307,1318,408,1351,0.7828893,1,1911
49,321,1060,410,1101,0.76811165,1,1882
50,516,283,610,338,0.7658675,1,1386
51,458,1326,549,1383,0.7589301,1,2617
52,484,319,592,369,0.73884594,1,2585
53,471,1038,638,1099,0.7294873,1,4512
54,515,85,594,143,0.72175515,1,2148
55,1028,185,1079,249,0.7140489,1,2542
56,456,944,540,1001,0.7092028,1,1944
