,x1,y1,x2,y2,score,classID,cntmask
0,268,900,926,1114,0.99903023,1,66684
1,348,328,808,544,0.9983443,1,65394
2,319,612,856,825,0.9982894,1,66199
3,30,788,946,1920,0.99815,6,719821
4,336,296,477,384,0.9499363,1,6079
5,401,65,807,334,0.9447233,18,58844
6,338,108,569,207,0.9090388,1,9898
7,209,1711,386,1894,0.8969518,1,16535
8,378,515,745,588,0.8545769,1,10356
9,396,247,770,357,0.84390056,1,15992
10,374,527,521,579,0.8107699,1,3151
11,371,10,711,137,0.80663097,1,24106
12,357,194,444,293,0.76887715,1,5113
