,x1,y1,x2,y2,score,classID,cntmask
0,196,809,1055,1297,0.99848515,1,252989
1,92,1082,1072,1734,0.9979964,1,282388
2,265,5,617,180,0.99676055,1,25892
3,278,161,490,266,0.9938293,1,12465
4,179,292,1029,602,0.98476505,1,132510
5,235,1227,377,1341,0.983123,1,8758
6,225,1016,393,1136,0.9645431,1,11554
7,163,684,896,941,0.9469216,1,56822
8,238,648,366,760,0.9056883,1,8353
9,271,446,1046,789,0.86948824,1,78440
10,315,1816,502,1917,0.8526133,27,10709
11,234,1334,343,1431,0.7914093,1,4816
12,29,1818,1065,1915,0.78709,1,44462
13,151,276,546,491,0.7763427,1,38478
14,131,786,310,927,0.7018885,1,15342
